0.200000000000 0.000000000057
0.400100000000 0.000001070796
0.600200000000 0.000000084409
0.800300000000 0.000000639163
1.000400000000 0.000341780721
1.200500000000 0.000000369064
1.400600000000 0.000000245492
1.600700000000 0.000000047214
1.800800000000 0.000000049834
2.000900000000 0.000000046114
2.201000000000 0.000000044948
2.401100000000 0.000000034416
2.601200000000 0.000000008578
2.801300000000 0.000000038338
3.001400000000 0.000000044717
3.201500000000 0.000000010161
3.401600000000 0.000000004092
3.601700000000 0.000000013548
3.801800000000 0.000000012100
4.001900000000 0.000000014866
4.202000000000 0.000000010639
4.402100000000 0.000000010797
4.602200000000 0.000000005203
4.802300000000 0.000000006533
